TABLE NO.     1: First Order Conditional Estimation with Interaction: Problem=1 Subproblem=0 Superproblem1=0 Iteration1=0 Superproblem2=0 Iteration2=0
 NAME         THETA1       THETA2       THETA3       THETA4       THETA5       THETA6       THETA7       SIGMA(1,1)   OMEGA(1,1)   OMEGA(2,1)   OMEGA(2,2)
 THETA1        2.66977E-01  5.92782E-02 -2.30074E-02 -2.12204E-01 -1.32363E-01 -2.51528E-01  4.10787E-02 -2.77475E-02 -1.80543E-01  0.00000E+00  1.86364E-01
 THETA2        5.92782E-02  4.70849E+00  8.06983E-01  3.23099E-01 -7.43880E-01  2.81734E-01 -8.19175E-01 -6.95450E-02  2.31601E-01  0.00000E+00 -5.10855E-01
 THETA3       -2.30074E-02  8.06983E-01  4.60680E-02  5.76523E-01 -5.55579E-01  4.87364E-01 -9.10236E-01 -3.93543E-02  3.74235E-01  0.00000E+00 -3.41880E-01
 THETA4       -2.12204E-01  3.23099E-01  5.76523E-01  2.49930E-02  5.28676E-03  9.75819E-01 -4.62760E-01  2.44120E-02  3.09998E-01  0.00000E+00 -3.32526E-01
 THETA5       -1.32363E-01 -7.43880E-01 -5.55579E-01  5.28676E-03  4.97712E-01  1.05465E-02  7.00714E-01  2.08412E-01 -2.30578E-01  0.00000E+00  4.28860E-01
 THETA6       -2.51528E-01  2.81734E-01  4.87364E-01  9.75819E-01  1.05465E-02  2.47115E-02 -4.03666E-01  4.89594E-02  3.06804E-01  0.00000E+00 -3.22193E-01
 THETA7        4.10787E-02 -8.19175E-01 -9.10236E-01 -4.62760E-01  7.00714E-01 -4.03666E-01  1.74912E-01 -9.89588E-03 -5.14096E-01  0.00000E+00  4.74329E-01
 SIGMA(1,1)   -2.77475E-02 -6.95450E-02 -3.93543E-02  2.44120E-02  2.08412E-01  4.89594E-02 -9.89588E-03  2.13280E-03 -3.12206E-02  0.00000E+00 -5.50230E-02
 OMEGA(1,1)   -1.80543E-01  2.31601E-01  3.74235E-01  3.09998E-01 -2.30578E-01  3.06804E-01 -5.14096E-01 -3.12206E-02  1.63336E-02  0.00000E+00 -2.89229E-01
 OMEGA(2,1)    0.00000E+00  0.00000E+00  0.00000E+00  0.00000E+00  0.00000E+00  0.00000E+00  0.00000E+00  0.00000E+00  0.00000E+00  0.00000E+00  0.00000E+00
 OMEGA(2,2)    1.86364E-01 -5.10855E-01 -3.41880E-01 -3.32526E-01  4.28860E-01 -3.22193E-01  4.74329E-01 -5.50230E-02 -2.89229E-01  0.00000E+00  1.41460E-02
