TABLE NO.     1: First Order Conditional Estimation with Interaction: Problem=1 Subproblem=0 Superproblem1=0 Iteration1=0 Superproblem2=0 Iteration2=0
 NAME         THETA1       THETA2       THETA3       THETA4       THETA5       THETA6       THETA7       SIGMA(1,1)   OMEGA(1,1)   OMEGA(2,1)   OMEGA(2,2)
 THETA1        1.75813E+01 -3.27445E-01  4.06959E+01 -3.08515E+02  3.96675E+00  2.95071E+02 -5.18356E+00 -2.70954E+02  9.35003E+00  0.00000E+00 -1.15961E+02
 THETA2       -3.27445E-01  2.66511E-01 -2.10900E+01  4.19582E+01  4.91529E-01 -3.47452E+01  2.95411E-01  1.66557E+01  1.05323E+01  0.00000E+00  2.25886E+01
 THETA3        4.06959E+01 -2.10900E+01  7.03790E+03 -1.27796E+04 -2.05590E+01  9.88855E+03  1.18202E+03  1.59535E+03  9.03094E+02  0.00000E+00 -4.14334E+03
 THETA4       -3.08515E+02  4.19582E+01 -1.27796E+04  7.98974E+04 -5.12379E+02 -6.90261E+04 -3.09474E+01  4.06142E+04  3.16593E+03  0.00000E+00  1.13879E+04
 THETA5        3.96675E+00  4.91529E-01 -2.05590E+01 -5.12379E+02  1.94117E+01  3.75652E+02 -4.51482E+01 -1.03090E+03 -7.31381E+01  0.00000E+00 -1.03945E+02
 THETA6        2.95071E+02 -3.47452E+01  9.88855E+03 -6.90261E+04  3.75652E+02  6.26363E+04  9.47777E+00 -3.37108E+04 -3.09697E+03  0.00000E+00 -8.27301E+03
 THETA7       -5.18356E+00  2.95411E-01  1.18202E+03 -3.09474E+01 -4.51482E+01  9.47777E+00  4.70177E+02  3.69991E+03  9.22280E+02  0.00000E+00 -3.65988E+02
 SIGMA(1,1)   -2.70954E+02  1.66557E+01  1.59535E+03  4.06142E+04 -1.03090E+03 -3.37108E+04  3.69991E+03  2.89355E+05  9.57264E+03  0.00000E+00  9.90146E+03
 OMEGA(1,1)    9.35003E+00  1.05323E+01  9.03094E+02  3.16593E+03 -7.31381E+01 -3.09697E+03  9.22280E+02  9.57264E+03  6.89778E+03  0.00000E+00  9.57809E+02
 OMEGA(2,1)    0.00000E+00  0.00000E+00  0.00000E+00  0.00000E+00  0.00000E+00  0.00000E+00  0.00000E+00  0.00000E+00  0.00000E+00  0.00000E+00  0.00000E+00
 OMEGA(2,2)   -1.15961E+02  2.25886E+01 -4.14334E+03  1.13879E+04 -1.03945E+02 -8.27301E+03 -3.65988E+02  9.90146E+03  9.57809E+02  0.00000E+00  1.07840E+04
