TABLE NO.     1: First Order Conditional Estimation with Interaction: Problem=1 Subproblem=0 Superproblem1=0 Iteration1=0 Superproblem2=0 Iteration2=0
 NAME         THETA1       THETA2       THETA3       THETA4       THETA5       THETA6       THETA7       SIGMA(1,1)   OMEGA(1,1)   OMEGA(2,1)   OMEGA(2,2)
 THETA1        7.12766E-02  7.45161E-02 -2.82970E-04 -1.41594E-03 -1.75880E-02 -1.65943E-03  1.91827E-03 -1.57997E-05 -7.87291E-04  0.00000E+00  7.03834E-04
 THETA2        7.45161E-02  2.21699E+01  1.75043E-01  3.80221E-02 -1.74326E+00  3.27809E-02 -6.74648E-01 -6.98391E-04  1.78116E-02  0.00000E+00 -3.40262E-02
 THETA3       -2.82970E-04  1.75043E-01  2.12226E-03  6.63796E-04 -1.27387E-02  5.54820E-04 -7.33453E-03 -3.86672E-06  2.81596E-04  0.00000E+00 -2.22796E-04
 THETA4       -1.41594E-03  3.80221E-02  6.63796E-04  6.24650E-04  6.57637E-05  6.02681E-04 -2.02299E-03  1.30129E-06  1.26549E-04  0.00000E+00 -1.17565E-04
 THETA5       -1.75880E-02 -1.74326E+00 -1.27387E-02  6.57637E-05  2.47718E-01  1.29714E-04  6.10011E-02  2.21234E-04 -1.87447E-03  0.00000E+00  3.01945E-03
 THETA6       -1.65943E-03  3.27809E-02  5.54820E-04  6.02681E-04  1.29714E-04  6.10660E-04 -1.74478E-03  2.58039E-06  1.23835E-04  0.00000E+00 -1.12629E-04
 THETA7        1.91827E-03 -6.74648E-01 -7.33453E-03 -2.02299E-03  6.10011E-02 -1.74478E-03  3.05941E-02 -3.69168E-06 -1.46874E-03  0.00000E+00  1.17363E-03
 SIGMA(1,1)   -1.57997E-05 -6.98391E-04 -3.86672E-06  1.30129E-06  2.21234E-04  2.58039E-06 -3.69168E-06  4.54885E-06 -1.08761E-06  0.00000E+00 -1.66008E-06
 OMEGA(1,1)   -7.87291E-04  1.78116E-02  2.81596E-04  1.26549E-04 -1.87447E-03  1.23835E-04 -1.46874E-03 -1.08761E-06  2.66787E-04  0.00000E+00 -6.68279E-05
 OMEGA(2,1)    0.00000E+00  0.00000E+00  0.00000E+00  0.00000E+00  0.00000E+00  0.00000E+00  0.00000E+00  0.00000E+00  0.00000E+00  0.00000E+00  0.00000E+00
 OMEGA(2,2)    7.03834E-04 -3.40262E-02 -2.22796E-04 -1.17565E-04  3.01945E-03 -1.12629E-04  1.17363E-03 -1.66008E-06 -6.68279E-05  0.00000E+00  2.00110E-04
